2025.04.11. 입학처  
Ⅰ
선발 개요
(단위: 명, %)
전형구분
모집
지원
충원합격
지원
경쟁률
충원합격
충원율
수시
학생부
종합
융합형
326
8,642
26.51
1,252
384.0
탐구형
604
12,093
20.02
1,265
209.4
과학인재
150
1,961
13.07
309
206.0
기회균형
24
678
28.25
50
208.3
특별전형
394
4,481
12.66
325
82.5
학생부
교과
학교장추천
415
4,468
10.77
1,068
257.3
논술위주
논술우수
391
41,613
106.43
73
18.7
실기/실적
위주
예체능
실기우수자/특기자
106
2,951
27.83
26
24.5
계
2,410
76,887
31.9
4,368
181.2
정시*
일반전형
1,687
10,031
5.95
2,469
146.4
특별전형
4
102
25.50
15
375.0
계
1,691
10,133
5.59
2,484
146.9
* 정시모집인원은 최종 수시이월인원이 반영된 숫자
2025학년도 대입 전형 결과

Ⅱ
수시모집 선발 결과
 □ 학생부종합(융합형)
(단위: 명, %)
 □ 학생부종합(탐구형)
(단위: 명, %)
모집단위
모집인원
지원인원
경쟁률
충원합격인원
충원율 
글로벌융합학부
14
370
26.43
37
264.3
인문과학계열
34
1,028
30.24
139
408.8
사회과학계열
40
1,182
29.55
192
480.0
경영학과
53
809
15.26
119
224.5
자연과학계열
45
1,878
41.73
197
437.8
전자전기공학부
40
683
17.08
147
367.5
공학계열
100
2,692
26.92
421
421.0
모집단위
모집인원
지원인원
경쟁률
충원합격인원
충원율 
자유전공계열
114
3,351
29.39
206
180.7
글로벌리더학부
20
391
19.55
99
495.0
글로벌경제학과
35
376
10.74
62
177.1
글로벌경영학과
33
464
14.06
136
412.1
교육학과
15
229
15.27
17
113.3
한문교육과
15
178
11.87
7
46.7
유학·동양학과
20
304
15.20
32
160.0
프랑스어문학과
12
113
9.42 
18
150.0
독어독문학과
12
109
9.08 
20
166.7
러시아어문학과
12
124
10.33
18
150.0
영상학과
12
229
19.08
15
125.0
의상학과
16
237
14.81
24
150.0
소프트웨어학과
28
484
17.29
94
335.7
반도체시스템공학과
10
332
33.20
99
990.0
지능형소프트웨어학과
10
251
25.10
43
430.0
글로벌바이오메디컬공학과
11
339
30.82
42
381.8
반도체융합공학과
15
242
16.13
22
146.7
에너지학과
15
240
16.00
43
286.7
양자정보공학과
13
235
18.08
32
246.2
건축학과(5년제)
24
268
11.17
18
75.0
약학과
30
1,071
35.70
51
170.0
의예과
50
1,281
25.62
65
130.0

 □ 학생부종합(과학인재)
(단위: 명, %)
□ 학생부종합(기회균형)
(단위: 명, %)
모집단위
모집인원
지원인원
경쟁률
충원합격인원
충원율 
수학교육과
15
150
10.00
10
66.7
컴퓨터교육과
15
233
15.53
18
120.0
건설환경공학부
35
429
12.26
62
177.1
스포츠과학과
17
433
25.47
12
70.6
모집단위
모집인원
지원인원
경쟁률
충원합격인원
충원율 
전자전기공학부
10
107
10.70
17
170.0
공학계열
20
324
16.20
56
280.0
소프트웨어학과
10
121
12.10
27
270.0
반도체시스템공학과
30
383
12.77
93
310.0
지능형소프트웨어학과
15
195
13.00
30
200.0
글로벌바이오메디컬공학과
20
263
13.15
36
180.0
반도체융합공학과
10
122
12.20
9
90.0
에너지학과
10
130
13.00
5
50.0
양자정보공학과
5
56
11.20
4
80.0
생명과학과
5
94
18.80
7
140.0
수학과
5
52
10.40
8
160.0
물리학과
5
62
12.40
9
180.0
화학과
5
52
10.40
8
160.0
모집단위
모집인원
지원인원
경쟁률
충원합격인원
충원율
자유전공계열
6
175
29.17
10
166.7
인문과학계열
6
111
18.50
9
150.0
사회과학계열
5
156
31.20
8
160.0
자연과학계열
3
103
34.33
6
200.0
공학계열
4
133
33.25
17
425.0

□ 정원외 특별전형
(단위: 명, %)
구
분
모집단위
모집인원
지원인원
경쟁률
충원합격인원
충원율
농
어
촌
인문과학계열
사회과학계열
경영학과
자연과학계열
전자전기공학부
공학계열
소프트웨어학과
반도체융합공학과
에너지학과
양자정보공학과
109
1,269
11.64
165
151.4
이
웃
사
랑
 인문과학계열
사회과학계열
경영학과
자연과학계열
전자전기공학부
공학계열
소프트웨어학과
반도체융합공학과
에너지학과
양자정보공학과
55
749
13.62
41
74.5
약학과
5
86
17.2
5
100.0
특
성
화
고
인문과학계열
사회과학계열
경영학과
자연과학계열
전자전기공학부
공학계열
소프트웨어학과
25
581
23.24
6
24.0
장
애
인
등
인문과학계열
사회과학계열
경영학과
교육학과
한문교육과
자연과학계열
전자전기공학부
공학계열
소프트웨어학과
수학교육과
컴퓨터교육과
10
239
23.9
4
40.0

 □ 논술위주(논술우수)
모집단위
모집인원
지원인원
경쟁률
충원합격인원
충원율 
자유전공계열
30
2,872
95.73
6
20.0
인문과학계열
35
3,499
99.97
4
11.4
사회과학계열
45
5,156
114.5
10
22.2
경영학과
30
3,016
100.5
1
3.3
글로벌리더학부
15
1,167
77.80
6
40.0
글로벌경제학과
15
1,110
74.00
3
20.0
글로벌경영학과
15
1,181
78.73
0
0.0
자연과학계열
30
2,970
99.00
11
36.7
전자전기공학부
30
2,792
93.07
6
20.0
공학계열
53
5,536
104.4
6
11.3
소프트웨어학과
10
837
83.70
1
10.0
반도체시스템공학과
10
1,048
104.8
1
10.0
지능형소프트웨어학과
5
438
87.60
1
20.0
글로벌바이오메디컬공학과
10
701
70.10
2
20.0
반도체융합공학과
5
333
66.60
1
20.0
에너지학과
5
355
71.00
1
20.0
약학과
5
2,376
475.2
0
0.0
의예과
10
4,124
412.4
6
60.0
건설환경공학부
25
1,293
51.72
3
12.0
글로벌융합학부
8
809
101.1
4
50.0

□ 학교장추천(학생부교과)
(단위: 명, %)
모집단위
모집
인원
지원
인원
경쟁률
충원합격
인원
충원율
최종등록자 
학생부 교과성적 
50%cut
70%cut
자유전공계열
20
278
13.90
31
155.0
1.65
1.69
글로벌융합학부
10
149
14.90
19
190.0
1.48
1.61
인문과학계열
16
144
9.00 
59
368.8
1.62
1.7
사회과학계열
17
222
13.06
99
582.4
1.52
1.71
경영학과
10
125
12.50
70
700.0
1.41
1.48
글로벌리더학부
10
107
10.70
65
650.0
1.61
1.81
글로벌경제학과
10
112
11.20
35
350.0
1.67
1.71
글로벌경영학과
10
138
13.80
50
500.0
1.51
1.54
교육학과
5
55
11.00
18
360.0
1.82
1.97
한문교육과
5
37
7.40 
1
20.0
1.82
1.82
유학·동양학과
10
77
7.70 
12
120.0
1.77
1.84
국어국문학과
12
88
7.33 
23
191.7
1.67
1.7
한문학과
20
167
8.35 
14
70.0
1.87
1.89
사학과
12
81
6.75 
21
175.0
1.66
1.79
철학과
12
118
9.83 
26
216.7
1.8
1.81
사회학과
20
180
9.00 
54
270.0
1.58
1.66
사회복지학과
20
152
7.60 
35
175.0
1.76
1.79
심리학과
12
105
8.75 
25
208.3
1.73
1.77
아동청소년학과
20
175
8.75 
24
120.0
1.75
1.82
통계학과
12
116
9.67 
27
225.0
1.58
1.65
영상학과
5
33
6.60 
5
100.0
1.66
1.86
의상학과
5
37
7.40 
5
100.0
1.78
1.81
자연과학계열
16
197
12.31
46
287.5
1.47
1.5
전자전기공학부
10
158
15.80
54
540.0
1.52
1.52
공학계열
38
537
14.13
111
292.1
1.49
1.52
소프트웨어학과
10
131
13.10
41
410.0
1.51
1.55
반도체융합공학과
6
119
19.83
11
183.3
1.65
1.7
에너지학과
6
115
19.17
6
100.0
1.66
1.66
건축학과(5년제)
18
155
8.61 
22
122.2
1.78
1.79
수학교육과
5
30
6.00 
11
220.0
1.65
1.74
컴퓨터교육과
5
58
11.60
7
140.0
1.61
1.65
생명과학과
7
82
11.71
7
100.0
1.45
1.54
수학과
7
63
9.00 
6
85.7
1.58
1.6
물리학과
7
59
8.43 
17
242.9
1.71
1.72
화학과
7
68
9.71 
11
157.1
1.5
1.51

Ⅲ
정시모집 선발 결과 ※특성화고졸재직자전형 제외
(단위: 명, %)
※모집인원 및 경쟁률은 최종 선발인원 기준
※특성화고졸재직자전형 제외
군
모집단위
모집
인원
지원
인원
경쟁률
충원합격
인원
충원율
가
글로벌융합학부
11
71
6.45
5
45.5
자유전공계열
112
424
3.79
53
47.3
사회과학계열
217
782
3.60
95
43.8
글로벌경제학과
30
153
5.10
15
50.0
교육학과
15
50
3.33
6
40.0
의상학과
15
64
4.27
5
33.3
자연과학계열
162
626
3.86
153
94.4
반도체시스템공학과
25
111
4.44
13
52.0
지능형소프트웨어학과
21
100
4.76
3
14.3
약학과
30
207
6.90
47
156.7
의예과
50
190
3.80
11
22.0
컴퓨터교육과
15
56
3.73
7
46.7
동양화
18
69
3.83
4
22.2
서양화
19
74
3.89
7
36.8
시각디자인
19
75
3.95
2
10.5
써피스디자인
19
177
9.32
0
0.0
스포츠과학과
24
311
12.9
5
20.8
나
인문과학계열
198
788
3.98
274
138.4
경영학과
91
436
4.79
204
224.2
글로벌리더학부
24
176
7.33
63
262.5
한문교육과
16
104
6.50
33
206.3
영상학과
15
71
4.73
23
153.3
전자전기공학부
83
362
4.36
146
175.9
공학계열
300
1,316
4.39
375
125.0
소프트웨어학과
28
185
6.61
68
242.9
수학교육과
15
90
6.00
26
173.3
건설환경공학부
10
70
7.00
15
150.0
다
글로벌경영학과
44
1,187
26.98
427
970.5
글로벌바이오메디컬공학과
11
300
27.27
74
672.7
반도체융합공학과
30
743
24.77
162
540.0
에너지학과
10
317
31.70
83
830.0
양자정보공학과
10
346
34.60
65
650.0
